Accuracy: 0.0
2	-1	[0.00281333 0.00897474 0.9882119 ]
2	-1	[0.00641036 0.01204084 0.98154885]
2	-1	[0.02861344 0.02039891 0.95098764]
2	-1	[0.00687471 0.01303922 0.9800861 ]
2	-1	[0.00368724 0.01654436 0.97976834]
2	-1	[0.00173918 0.01196519 0.98629564]
2	-1	[0.00530669 0.00970979 0.9849835 ]
2	-1	[0.0046181  0.00892956 0.98645234]
2	-1	[0.00687846 0.00914087 0.9839806 ]
2	-1	[0.00406283 0.00759848 0.9883387 ]
2	-1	[0.02353576 0.01728652 0.95917773]
2	-1	[0.0048017  0.01073712 0.9844611 ]
2	-1	[0.02472664 0.01706756 0.9582058 ]
2	-1	[0.02506796 0.01420416 0.9607279 ]
2	-1	[0.02198371 0.0161197  0.9618966 ]
2	-1	[0.0210399  0.01327627 0.9656839 ]
2	-1	[0.00751959 0.01099098 0.9814895 ]
2	-1	[0.00395257 0.00883391 0.98721355]
2	-1	[0.01041094 0.01368175 0.97590727]
2	-1	[0.00620288 0.01262573 0.98117137]
2	-1	[0.01534342 0.01232033 0.97233623]
2	-1	[0.02024043 0.01298026 0.96677935]
2	-1	[0.06321643 0.02623092 0.9105526 ]
2	-1	[0.06033593 0.02222064 0.9174434 ]
2	-1	[0.00427793 0.0087336  0.9869884 ]
2	-1	[0.00472393 0.01043422 0.9848418 ]
2	-1	[0.00401649 0.00872964 0.98725384]
2	-1	[0.01164428 0.01228387 0.9760718 ]
2	-1	[0.00574325 0.00836798 0.9858888 ]
2	-1	[0.0029998 0.0084453 0.9885549]
2	-1	[0.00445046 0.00974825 0.9858013 ]
2	-1	[0.00314222 0.00980587 0.98705196]
2	-1	[0.02407239 0.01389996 0.96202767]
2	-1	[0.00779771 0.01092909 0.9812732 ]
2	-1	[0.0028088  0.01471099 0.9824802 ]
2	-1	[0.00144913 0.01302813 0.98552275]
2	-1	[0.01258974 0.01135208 0.9760582 ]
2	-1	[0.00474881 0.011294   0.9839572 ]
2	-1	[0.0106737  0.00934548 0.97998077]
2	-1	[0.01034567 0.01233849 0.97731584]
2	-1	[0.02242367 0.02008171 0.95749456]
2	-1	[0.0110962  0.01288883 0.97601503]
2	-1	[0.00544802 0.01191177 0.9826402 ]
2	-1	[0.00402504 0.01017502 0.9857999 ]
2	-1	[0.0037763  0.0161213  0.98010236]
2	-1	[0.00197318 0.01514719 0.9828796 ]
2	-1	[0.04869447 0.01769501 0.9336105 ]
2	-1	[0.00910477 0.01150892 0.97938627]
2	-1	[0.00108125 0.0139731  0.98494565]
2	-1	[0.00283544 0.02878616 0.9683784 ]
2	-1	[8.934865e-04 9.013702e-03 9.900928e-01]
2	-1	[0.00203038 0.01675643 0.98121315]
2	-1	[0.00406988 0.00718596 0.98874414]
2	-1	[0.01198248 0.0090846  0.97893286]
2	-1	[0.00979878 0.01222053 0.97798073]
2	-1	[0.017298   0.01308806 0.9696139 ]
2	-1	[0.0018914  0.01239492 0.9857137 ]
2	-1	[0.00232488 0.01315786 0.9845173 ]
2	-1	[0.01159664 0.01224476 0.97615856]
2	-1	[0.02148978 0.01322529 0.96528494]
2	-1	[0.0097459  0.00924874 0.9810053 ]
2	-1	[0.00256312 0.00814213 0.98929477]
2	-1	[0.00420222 0.00790862 0.9878891 ]
2	-1	[0.00296095 0.00826042 0.98877865]
2	-1	[0.01299211 0.01180439 0.9752035 ]
2	-1	[0.03002891 0.01814046 0.9518306 ]
2	-1	[0.00412298 0.01136192 0.9845151 ]
2	-1	[0.00420433 0.01320665 0.982589  ]
2	-1	[0.00679725 0.01340194 0.9798008 ]
2	-1	[0.01027667 0.01455196 0.9751713 ]
2	-1	[0.00288501 0.00873266 0.9883823 ]
2	-1	[0.00407197 0.01041735 0.9855107 ]
2	-1	[0.01058471 0.01005103 0.9793642 ]
2	-1	[0.01634199 0.01233061 0.9713274 ]
2	-1	[0.02312028 0.01419253 0.9626872 ]
2	-1	[0.01323351 0.01501417 0.9717523 ]
2	-1	[0.02336142 0.01887951 0.95775914]
2	-1	[0.01273055 0.01254104 0.9747284 ]
2	-1	[0.00317392 0.0083218  0.98850423]
2	-1	[0.00464565 0.00902258 0.9863318 ]
2	-1	[0.00234351 0.00642245 0.9912341 ]
2	-1	[0.01454549 0.00910996 0.9763446 ]
2	-1	[0.00475788 0.01062342 0.9846187 ]
2	-1	[0.02081469 0.01333972 0.96584564]
2	-1	[0.03338566 0.01651033 0.950104  ]
2	-1	[0.00599779 0.01032078 0.98368144]
2	-1	[0.00377213 0.0083483  0.9878796 ]
2	-1	[0.00245246 0.00771415 0.98983335]
2	-1	[0.00429914 0.00998957 0.9857113 ]
2	-1	[0.00232721 0.00739328 0.9902795 ]
2	-1	[0.02499632 0.01493488 0.9600688 ]
2	-1	[0.00490988 0.00870979 0.9863803 ]
2	-1	[0.00436035 0.00791568 0.98772395]
2	-1	[0.00552829 0.00910539 0.98536634]
2	-1	[0.00835318 0.01096139 0.9806855 ]
2	-1	[0.02285959 0.01263305 0.96450734]
2	-1	[0.00317275 0.01008918 0.9867381 ]
2	-1	[0.00211402 0.00853072 0.98935527]
2	-1	[0.03111463 0.01462618 0.95425916]
2	-1	[0.00538881 0.01024164 0.9843695 ]
2	-1	[0.00484472 0.01012735 0.9850279 ]
2	-1	[0.00207531 0.00798735 0.9899373 ]
2	-1	[0.01000728 0.01257303 0.97741973]
2	-1	[0.00323042 0.00904759 0.987722  ]
2	-1	[0.00319452 0.00910916 0.98769635]
2	-1	[0.00388324 0.00984144 0.9862753 ]
2	-1	[0.01319851 0.01519652 0.97160494]
2	-1	[0.02067011 0.01397868 0.9653513 ]
2	-1	[0.00996018 0.01120048 0.97883934]
2	-1	[0.00535265 0.00972738 0.98492   ]
2	-1	[0.02540987 0.02077251 0.95381767]
2	-1	[0.00850285 0.01065535 0.98084176]
2	-1	[0.02062245 0.01453783 0.96483976]
2	-1	[0.01581439 0.01283738 0.9713482 ]
2	-1	[0.01187553 0.01289381 0.97523063]
2	-1	[0.01619856 0.01343182 0.97036964]
2	-1	[0.00117615 0.00965379 0.98917   ]
2	-1	[0.00121774 0.01267438 0.9861079 ]
2	-1	[0.00123929 0.01552721 0.9832335 ]
2	-1	[0.00168063 0.01891189 0.9794074 ]
2	-1	[0.02949278 0.02081168 0.94969547]
2	-1	[0.00886771 0.0132899  0.97784245]
2	-1	[0.01436321 0.01526068 0.9703761 ]
2	-1	[0.01015847 0.01335701 0.9764845 ]
2	-1	[0.0027732  0.01440099 0.9828258 ]
2	-1	[0.00243239 0.01563762 0.98192996]
2	-1	[0.00961634 0.01075286 0.9796308 ]
2	-1	[0.00598231 0.01057906 0.9834387 ]
2	-1	[0.00355945 0.01092914 0.9855114 ]
2	-1	[0.00326768 0.01100893 0.98572344]
2	-1	[0.00482891 0.01188795 0.98328316]
2	-1	[0.00507472 0.01144577 0.9834795 ]
2	-1	[0.00368724 0.01654436 0.97976834]
2	-1	[0.00173918 0.01196519 0.98629564]
2	-1	[0.01084388 0.01281502 0.97634107]
2	-1	[0.00311968 0.00836786 0.9885125 ]
2	-1	[0.00263742 0.01369655 0.98366594]
2	-1	[0.00198568 0.01543059 0.9825837 ]
2	-1	[0.05437215 0.02616724 0.91946065]
2	-1	[0.00986126 0.01400318 0.9761355 ]
2	-1	[0.00612505 0.01004513 0.9838298 ]
2	-1	[0.0033524  0.00954217 0.9871055 ]
2	-1	[0.00931917 0.01329624 0.9773846 ]
2	-1	[0.00640713 0.01301194 0.9805809 ]
2	-1	[0.00117615 0.00965379 0.98917   ]
2	-1	[0.00121774 0.01267438 0.9861079 ]
2	-1	[0.00123929 0.01552721 0.9832335 ]
2	-1	[0.00168063 0.01891189 0.9794074 ]
2	-1	[0.00305993 0.00878185 0.9881583 ]
2	-1	[0.00711918 0.01004826 0.9828326 ]
2	-1	[0.01441295 0.0128504  0.9727367 ]
2	-1	[0.02888719 0.01416571 0.9569471 ]
2	-1	[0.00499396 0.00959246 0.98541355]
2	-1	[0.00885616 0.01515844 0.9759854 ]
2	-1	[0.02703683 0.01858686 0.95437634]
2	-1	[0.03735486 0.0227532  0.93989193]
2	-1	[0.01554372 0.01384767 0.9706086 ]
2	-1	[0.01251717 0.01368896 0.97379386]
2	-1	[0.06321643 0.02623092 0.9105526 ]
2	-1	[0.06033593 0.02222064 0.9174434 ]
2	-1	[0.00746323 0.00949471 0.9830421 ]
2	-1	[0.00646236 0.00953744 0.98400027]
2	-1	[0.00653505 0.01209953 0.98136544]
2	-1	[0.00755036 0.01222661 0.98022294]
