Accuracy: 0.0
2	-1	[0.00979323 0.01600854 0.9741983 ]
2	-1	[0.01248214 0.0128677  0.97465014]
2	-1	[0.02914293 0.02992918 0.94092786]
2	-1	[0.0325399  0.03433063 0.93312943]
2	-1	[4.5566360e-04 1.0486286e-02 9.8905808e-01]
2	-1	[8.161746e-04 1.011998e-02 9.890639e-01]
2	-1	[0.01515094 0.02526103 0.959588  ]
2	-1	[0.02644884 0.02797533 0.94557583]
2	-1	[0.00139581 0.00888519 0.98971903]
2	-1	[0.00343454 0.00718932 0.9893762 ]
2	-1	[0.00793218 0.01882084 0.97324693]
2	-1	[0.01742596 0.02108699 0.96148705]
2	-1	[0.01223408 0.02012942 0.96763647]
2	-1	[0.01390877 0.0144996  0.9715916 ]
2	-1	[0.00705079 0.01578567 0.97716355]
2	-1	[0.01012777 0.01433914 0.97553307]
2	-1	[0.00562455 0.0135381  0.9808374 ]
2	-1	[0.01110208 0.0132386  0.9756594 ]
2	-1	[0.03522228 0.04041885 0.9243588 ]
2	-1	[0.10251594 0.04008591 0.8573981 ]
2	-1	[0.00461345 0.0188145  0.976572  ]
2	-1	[0.00496762 0.01456397 0.9804684 ]
2	-1	[0.00447207 0.01207935 0.98344857]
2	-1	[0.00790805 0.01404697 0.97804505]
2	-1	[0.00669879 0.0132028  0.98009837]
2	-1	[0.0036001  0.00991983 0.98648006]
2	-1	[0.00342701 0.00833249 0.9882405 ]
2	-1	[0.00203774 0.00530411 0.9926582 ]
2	-1	[0.00145985 0.00772669 0.99081343]
2	-1	[0.00188357 0.00579028 0.99232614]
2	-1	[0.00139076 0.00611719 0.992492  ]
2	-1	[0.00215229 0.00755369 0.990294  ]
2	-1	[0.00476771 0.0138163  0.981416  ]
2	-1	[0.01682959 0.01771343 0.9654569 ]
2	-1	[4.3392950e-04 1.0063410e-02 9.8950267e-01]
2	-1	[7.0863497e-04 7.8692073e-03 9.9142212e-01]
2	-1	[0.01084918 0.0154176  0.9737333 ]
2	-1	[0.00804484 0.01066519 0.9812899 ]
2	-1	[0.03950404 0.0184076  0.94208837]
2	-1	[0.04156557 0.01984869 0.9385857 ]
2	-1	[0.01859315 0.01953221 0.96187466]
2	-1	[0.0360331 0.0205792 0.9433877]
2	-1	[0.00211942 0.01019597 0.9876846 ]
2	-1	[0.01020053 0.01967694 0.9701226 ]
2	-1	[6.7578594e-04 1.1284833e-02 9.8803931e-01]
2	-1	[7.259522e-04 8.577849e-03 9.906962e-01]
2	-1	[0.01313805 0.01943305 0.9674289 ]
2	-1	[0.04773714 0.02168234 0.9305805 ]
2	-1	[4.1341863e-04 5.8770045e-03 9.9370956e-01]
2	-1	[0.00125207 0.01558263 0.98316526]
2	-1	[4.4603756e-04 4.7697099e-03 9.9478430e-01]
2	-1	[9.7665214e-04 1.0029430e-02 9.8899394e-01]
2	-1	[0.00497358 0.01431046 0.980716  ]
2	-1	[0.00204646 0.00692041 0.99103314]
2	-1	[0.01236198 0.01671057 0.9709274 ]
2	-1	[0.02059552 0.0179086  0.9614958 ]
2	-1	[3.9237388e-04 8.5928347e-03 9.9101478e-01]
2	-1	[5.879553e-04 7.564803e-03 9.918473e-01]
2	-1	[0.00500243 0.01232425 0.9826734 ]
2	-1	[0.01526473 0.01437043 0.9703648 ]
2	-1	[0.00469116 0.01138366 0.9839252 ]
2	-1	[0.00569199 0.00807537 0.98623264]
2	-1	[0.00333387 0.00708687 0.98957926]
2	-1	[0.0067163  0.00786798 0.98541576]
2	-1	[0.01087832 0.0230502  0.9660714 ]
2	-1	[0.00276877 0.00913109 0.9881002 ]
2	-1	[0.01507268 0.02758522 0.95734215]
2	-1	[0.0043073  0.01380349 0.9818891 ]
2	-1	[0.09300075 0.0277171  0.8792821 ]
2	-1	[0.02849815 0.02075237 0.95074946]
2	-1	[0.00181933 0.00659302 0.9915876 ]
2	-1	[0.00151182 0.00600669 0.99248147]
2	-1	[0.00533217 0.00982038 0.98484737]
2	-1	[0.00921741 0.00908771 0.9816949 ]
2	-1	[0.01242354 0.015629   0.97194743]
2	-1	[0.0080069  0.01311776 0.9788753 ]
2	-1	[0.00949752 0.01468574 0.9758168 ]
2	-1	[0.0160237  0.01686734 0.9671089 ]
2	-1	[0.00199245 0.00512989 0.99287766]
2	-1	[0.00284258 0.00565339 0.991504  ]
2	-1	[0.00366003 0.01238667 0.9839533 ]
2	-1	[9.5153967e-04 3.9604497e-03 9.9508804e-01]
2	-1	[0.01140272 0.013969   0.97462827]
2	-1	[0.01974332 0.0163171  0.96393955]
2	-1	[0.00700844 0.01210574 0.9808858 ]
2	-1	[0.02546564 0.01357143 0.96096295]
2	-1	[0.00134472 0.00493997 0.99371535]
2	-1	[0.00342395 0.00576646 0.99080956]
2	-1	[0.003263   0.00707999 0.98965704]
2	-1	[0.03000766 0.01785726 0.9521351 ]
2	-1	[0.0195477  0.02014636 0.96030587]
2	-1	[0.03050946 0.01945232 0.95003825]
2	-1	[0.00232672 0.00727546 0.9903978 ]
2	-1	[0.00135926 0.00499456 0.99364614]
2	-1	[0.03706617 0.01788905 0.9450448 ]
2	-1	[0.02801039 0.02192972 0.9500599 ]
2	-1	[0.00251499 0.00875587 0.9887291 ]
2	-1	[0.01554011 0.01636078 0.9680991 ]
2	-1	[0.00723092 0.01484602 0.97792304]
2	-1	[0.06981782 0.02228324 0.9078989 ]
2	-1	[0.00119213 0.00712904 0.9916788 ]
2	-1	[0.00171434 0.00800361 0.99028206]
2	-1	[0.00289037 0.01258852 0.9845211 ]
2	-1	[0.008807   0.01778223 0.9734108 ]
2	-1	[0.0023731  0.00570246 0.99192446]
2	-1	[0.00230387 0.00578005 0.991916  ]
2	-1	[0.01051258 0.01598878 0.9734987 ]
2	-1	[0.00371167 0.01073024 0.98555803]
2	-1	[0.00223041 0.00749483 0.9902748 ]
2	-1	[0.00824191 0.01051895 0.9812392 ]
2	-1	[0.00920248 0.01522273 0.97557485]
2	-1	[0.05314504 0.02832989 0.91852504]
2	-1	[0.02572129 0.02263767 0.951641  ]
2	-1	[0.03054191 0.0244113  0.94504684]
2	-1	[0.00456517 0.00980602 0.98562884]
2	-1	[0.00605546 0.0088778  0.9850668 ]
2	-1	[3.220358e-04 6.371267e-03 9.933067e-01]
2	-1	[7.0201175e-04 7.1030525e-03 9.9219489e-01]
2	-1	[2.4927448e-04 6.0943468e-03 9.9365634e-01]
2	-1	[4.9377111e-04 7.4017202e-03 9.9210453e-01]
2	-1	[0.02357039 0.03174967 0.94468   ]
2	-1	[0.06111227 0.04275197 0.8961358 ]
2	-1	[0.00618057 0.0227346  0.9710849 ]
2	-1	[0.00425418 0.01350447 0.98224133]
2	-1	[7.5309240e-04 1.2654745e-02 9.8659211e-01]
2	-1	[6.5332145e-04 7.2361589e-03 9.9211055e-01]
2	-1	[0.01456243 0.0184199  0.9670177 ]
2	-1	[0.00594931 0.01007342 0.98397726]
2	-1	[0.02302678 0.03152889 0.94544435]
2	-1	[0.01165461 0.02310045 0.96524495]
2	-1	[0.01676941 0.02331055 0.95992005]
2	-1	[0.00907076 0.01696259 0.9739666 ]
2	-1	[4.5566360e-04 1.0486286e-02 9.8905808e-01]
2	-1	[8.161746e-04 1.011998e-02 9.890639e-01]
2	-1	[0.0047793  0.01129869 0.983922  ]
2	-1	[0.00801024 0.01235311 0.97963667]
2	-1	[5.202605e-04 9.095757e-03 9.903840e-01]
2	-1	[6.9222425e-04 8.0272807e-03 9.9128050e-01]
2	-1	[0.09639294 0.03623455 0.8673726 ]
2	-1	[0.02133394 0.01387306 0.964793  ]
2	-1	[0.00142064 0.00520925 0.99337006]
2	-1	[0.00549248 0.00806268 0.9864449 ]
2	-1	[0.00137579 0.01724586 0.9813783 ]
2	-1	[0.00318849 0.02040238 0.97640914]
2	-1	[3.220358e-04 6.371267e-03 9.933067e-01]
2	-1	[7.0201175e-04 7.1030525e-03 9.9219489e-01]
2	-1	[2.4927448e-04 6.0943468e-03 9.9365634e-01]
2	-1	[4.9377111e-04 7.4017202e-03 9.9210453e-01]
2	-1	[0.01348883 0.01650042 0.9700107 ]
2	-1	[0.01553537 0.01151564 0.972949  ]
2	-1	[0.01201338 0.01649633 0.9714903 ]
2	-1	[0.01873098 0.01608937 0.9651797 ]
2	-1	[0.00465535 0.00803091 0.9873138 ]
2	-1	[0.01736346 0.01834724 0.9642893 ]
2	-1	[0.00473873 0.01069996 0.9845613 ]
2	-1	[0.0138172  0.01850169 0.9676811 ]
2	-1	[0.00866343 0.01227283 0.9790637 ]
2	-1	[0.00674856 0.01166652 0.9815849 ]
2	-1	[0.00447207 0.01207935 0.98344857]
2	-1	[0.00790805 0.01404697 0.97804505]
2	-1	[0.00501936 0.01180109 0.98317957]
2	-1	[0.00475313 0.00735124 0.9878956 ]
2	-1	[0.00150471 0.01670946 0.98178583]
2	-1	[0.00157199 0.01550236 0.98292565]
