Accuracy: 1.0
2	2	[0.00190495 0.01154113 0.98655397]
2	2	[0.00306517 0.00891169 0.98802316]
2	2	[0.00190495 0.01154113 0.98655397]
2	2	[0.00306517 0.00891169 0.98802316]
2	2	[0.00112727 0.00677932 0.9920934 ]
2	2	[0.00148047 0.00757526 0.99094427]
2	2	[0.00112727 0.00677932 0.9920934 ]
2	2	[0.00148047 0.00757526 0.99094427]
2	2	[0.00194045 0.00432477 0.9937348 ]
2	2	[0.00389356 0.00503749 0.99106896]
2	2	[0.00194045 0.00432477 0.9937348 ]
2	2	[0.00389356 0.00503749 0.99106896]
2	2	[5.4809276e-04 6.2667360e-03 9.9318522e-01]
2	2	[8.9813449e-04 5.8915364e-03 9.9321038e-01]
2	2	[5.4809276e-04 6.2667360e-03 9.9318522e-01]
2	2	[8.9813449e-04 5.8915364e-03 9.9321038e-01]
2	2	[8.8921865e-04 7.4234256e-03 9.9168736e-01]
2	2	[0.00110871 0.00356902 0.9953223 ]
2	2	[8.8921865e-04 7.4234256e-03 9.9168736e-01]
2	2	[0.00110871 0.00356902 0.9953223 ]
2	2	[0.00107509 0.00532698 0.99359787]
2	2	[0.00242934 0.00773404 0.98983663]
2	2	[0.00107509 0.00532698 0.99359787]
2	2	[0.00242934 0.00773404 0.98983663]
2	2	[0.01132264 0.01833855 0.9703388 ]
2	2	[0.00449478 0.01036047 0.98514473]
2	2	[0.01132264 0.01833855 0.9703388 ]
2	2	[0.00449478 0.01036047 0.98514473]
2	2	[8.8793621e-04 5.7454486e-03 9.9336666e-01]
2	2	[0.00159592 0.00564286 0.99276125]
2	2	[8.8793621e-04 5.7454486e-03 9.9336666e-01]
2	2	[0.00159592 0.00564286 0.99276125]
2	2	[0.00111901 0.00415084 0.9947301 ]
2	2	[0.00212569 0.00386695 0.99400735]
2	2	[0.00111901 0.00415084 0.9947301 ]
2	2	[0.00212569 0.00386695 0.99400735]
2	2	[0.00458845 0.01051044 0.98490113]
2	2	[0.00392177 0.00899614 0.9870821 ]
2	2	[0.00458845 0.01051044 0.98490113]
2	2	[0.00392177 0.00899614 0.9870821 ]
2	2	[0.0013017  0.00462889 0.99406946]
2	2	[0.00324375 0.00705737 0.98969895]
2	2	[0.0013017  0.00462889 0.99406946]
2	2	[0.00324375 0.00705737 0.98969895]
2	2	[7.8342995e-04 5.5670738e-03 9.9364954e-01]
2	2	[0.0011083  0.00387261 0.9950191 ]
2	2	[7.8342995e-04 5.5670738e-03 9.9364954e-01]
2	2	[0.0011083  0.00387261 0.9950191 ]
2	2	[5.4992491e-04 2.1159307e-03 9.9733412e-01]
2	2	[0.00267046 0.00875621 0.9885733 ]
2	2	[5.4992491e-04 2.1159307e-03 9.9733412e-01]
2	2	[0.00267046 0.00875621 0.9885733 ]
2	2	[0.00136021 0.00650393 0.9921359 ]
2	2	[0.00130298 0.00419069 0.9945063 ]
2	2	[0.00136021 0.00650393 0.9921359 ]
2	2	[0.00130298 0.00419069 0.9945063 ]
2	2	[9.100032e-04 6.284815e-03 9.928052e-01]
2	2	[0.00154446 0.00598288 0.99247265]
2	2	[9.100032e-04 6.284815e-03 9.928052e-01]
2	2	[0.00154446 0.00598288 0.99247265]
2	2	[4.0917104e-04 6.7260112e-03 9.9286485e-01]
2	2	[9.7681477e-04 7.0287143e-03 9.9199450e-01]
2	2	[4.0917104e-04 6.7260112e-03 9.9286485e-01]
2	2	[9.7681477e-04 7.0287143e-03 9.9199450e-01]
2	2	[0.00481461 0.01110792 0.98407745]
2	2	[0.00267903 0.00638128 0.99093974]
2	2	[0.00481461 0.01110792 0.98407745]
2	2	[0.00267903 0.00638128 0.99093974]
2	2	[8.0395886e-04 5.7701226e-03 9.9342597e-01]
2	2	[9.1296918e-04 6.0648806e-03 9.9302214e-01]
2	2	[8.0395886e-04 5.7701226e-03 9.9342597e-01]
2	2	[9.1296918e-04 6.0648806e-03 9.9302214e-01]
2	2	[0.00131779 0.00630146 0.9923807 ]
2	2	[0.00201382 0.00563467 0.9923515 ]
2	2	[0.00131779 0.00630146 0.9923807 ]
2	2	[0.00201382 0.00563467 0.9923515 ]
2	2	[0.00135165 0.00436685 0.99428153]
2	2	[0.00197469 0.00496652 0.9930588 ]
2	2	[0.00135165 0.00436685 0.99428153]
2	2	[0.00197469 0.00496652 0.9930588 ]
2	2	[0.00185296 0.00785957 0.9902874 ]
2	2	[0.0026698  0.00632856 0.99100167]
2	2	[0.00185296 0.00785957 0.9902874 ]
2	2	[0.0026698  0.00632856 0.99100167]
2	2	[0.00327216 0.00734413 0.98938376]
2	2	[0.01170768 0.01430743 0.97398496]
2	2	[0.00327216 0.00734413 0.98938376]
2	2	[0.01170768 0.01430743 0.97398496]
2	2	[0.0010326  0.00830074 0.9906667 ]
2	2	[0.00150138 0.00769169 0.9908069 ]
2	2	[0.0010326  0.00830074 0.9906667 ]
2	2	[0.00150138 0.00769169 0.9908069 ]
2	2	[6.6679035e-04 8.5382741e-03 9.9079496e-01]
2	2	[0.00110564 0.01125064 0.9876437 ]
2	2	[6.6679035e-04 8.5382741e-03 9.9079496e-01]
2	2	[0.00110564 0.01125064 0.9876437 ]
2	2	[0.01032465 0.01082701 0.97884834]
2	2	[0.03165016 0.0134743  0.9548755 ]
2	2	[0.01032465 0.01082701 0.97884834]
2	2	[0.03165016 0.0134743  0.9548755 ]
2	2	[9.1088010e-04 5.6191734e-03 9.9346995e-01]
2	2	[0.00299506 0.01137399 0.9856309 ]
2	2	[9.1088010e-04 5.6191734e-03 9.9346995e-01]
2	2	[0.00299506 0.01137399 0.9856309 ]
2	2	[0.00135389 0.00490662 0.9937395 ]
2	2	[0.00141164 0.00470254 0.9938858 ]
2	2	[0.00135389 0.00490662 0.9937395 ]
2	2	[0.00141164 0.00470254 0.9938858 ]
2	2	[8.1797829e-04 3.8457348e-03 9.9533635e-01]
2	2	[0.0013891  0.00459547 0.9940154 ]
2	2	[8.1797829e-04 3.8457348e-03 9.9533635e-01]
2	2	[0.0013891  0.00459547 0.9940154 ]
2	2	[7.701775e-04 7.395387e-03 9.918344e-01]
2	2	[0.00135771 0.00971366 0.9889286 ]
2	2	[7.701775e-04 7.395387e-03 9.918344e-01]
2	2	[0.00135771 0.00971366 0.9889286 ]
2	2	[7.3625863e-04 6.2372843e-03 9.9302649e-01]
2	2	[0.00100664 0.00522538 0.993768  ]
2	2	[7.3625863e-04 6.2372843e-03 9.9302649e-01]
2	2	[0.00100664 0.00522538 0.993768  ]
2	2	[6.5611070e-04 1.2776257e-02 9.8656762e-01]
2	2	[7.2332908e-04 7.1483087e-03 9.9212837e-01]
2	2	[6.5611070e-04 1.2776257e-02 9.8656762e-01]
2	2	[7.2332908e-04 7.1483087e-03 9.9212837e-01]
2	2	[8.5026625e-04 1.3429113e-02 9.8572063e-01]
2	2	[7.2549592e-04 6.9667976e-03 9.9230766e-01]
2	2	[8.5026625e-04 1.3429113e-02 9.8572063e-01]
2	2	[7.2549592e-04 6.9667976e-03 9.9230766e-01]
2	2	[0.0074447  0.01212358 0.98043174]
2	2	[0.00464784 0.01209094 0.9832613 ]
2	2	[0.0074447  0.01212358 0.98043174]
2	2	[0.00464784 0.01209094 0.9832613 ]
2	2	[7.6377508e-04 1.0802784e-02 9.8843342e-01]
2	2	[0.00105319 0.00841035 0.9905365 ]
2	2	[7.6377508e-04 1.0802784e-02 9.8843342e-01]
2	2	[0.00105319 0.00841035 0.9905365 ]
2	2	[4.7266809e-04 5.2612266e-03 9.9426609e-01]
2	2	[7.8658178e-04 5.7802466e-03 9.9343312e-01]
2	2	[4.7266809e-04 5.2612266e-03 9.9426609e-01]
2	2	[7.8658178e-04 5.7802466e-03 9.9343312e-01]
2	2	[0.00191601 0.00679795 0.9912861 ]
2	2	[0.00672593 0.00995293 0.9833211 ]
2	2	[0.00191601 0.00679795 0.9912861 ]
2	2	[0.00672593 0.00995293 0.9833211 ]
2	2	[4.2479733e-04 4.4950051e-03 9.9508023e-01]
2	2	[8.5619034e-04 3.6160033e-03 9.9552780e-01]
2	2	[4.2479733e-04 4.4950051e-03 9.9508023e-01]
2	2	[8.5619034e-04 3.6160033e-03 9.9552780e-01]
2	2	[0.00253457 0.00625067 0.99121475]
2	2	[0.00352671 0.00753959 0.9889337 ]
2	2	[0.00253457 0.00625067 0.99121475]
2	2	[0.00352671 0.00753959 0.9889337 ]
2	2	[0.00130965 0.0040761  0.9946142 ]
2	2	[0.00260542 0.00959748 0.9877971 ]
2	2	[0.00130965 0.0040761  0.9946142 ]
2	2	[0.00260542 0.00959748 0.9877971 ]
2	2	[2.8726575e-04 2.1711497e-03 9.9754155e-01]
2	2	[6.0991105e-04 2.8236501e-03 9.9656641e-01]
2	2	[2.8726575e-04 2.1711497e-03 9.9754155e-01]
2	2	[6.0991105e-04 2.8236501e-03 9.9656641e-01]
2	2	[5.8737275e-04 2.9331467e-03 9.9647945e-01]
2	2	[0.0014616  0.00360537 0.99493307]
2	2	[5.8737275e-04 2.9331467e-03 9.9647945e-01]
2	2	[0.0014616  0.00360537 0.99493307]
