Accuracy: 1.0
2	2	[0.00288961 0.01272131 0.984389  ]
2	2	[0.00305205 0.01816312 0.97878486]
2	2	[0.00288961 0.01272131 0.984389  ]
2	2	[0.00305205 0.01816312 0.97878486]
2	2	[0.00109104 0.01024571 0.98866326]
2	2	[0.00205685 0.01514602 0.98279715]
2	2	[0.00109104 0.01024571 0.98866326]
2	2	[0.00205685 0.01514602 0.98279715]
2	2	[0.00860656 0.01850876 0.9728847 ]
2	2	[0.00679197 0.01853726 0.97467077]
2	2	[0.00860656 0.01850876 0.9728847 ]
2	2	[0.00679197 0.01853726 0.97467077]
2	2	[0.00436753 0.07001943 0.92561305]
2	2	[0.00398726 0.04739095 0.94862175]
2	2	[0.00436753 0.07001943 0.92561305]
2	2	[0.00398726 0.04739095 0.94862175]
2	2	[8.3839276e-04 5.0582467e-03 9.9410337e-01]
2	2	[5.623503e-04 5.497542e-03 9.939401e-01]
2	2	[8.3839276e-04 5.0582467e-03 9.9410337e-01]
2	2	[5.623503e-04 5.497542e-03 9.939401e-01]
2	2	[7.1724108e-04 6.9867554e-03 9.9229592e-01]
2	2	[0.00629837 0.01777888 0.9759227 ]
2	2	[7.1724108e-04 6.9867554e-03 9.9229592e-01]
2	2	[0.00629837 0.01777888 0.9759227 ]
2	2	[0.0049919  0.01543069 0.97957736]
2	2	[0.00724824 0.02536749 0.9673843 ]
2	2	[0.0049919  0.01543069 0.97957736]
2	2	[0.00724824 0.02536749 0.9673843 ]
2	2	[0.00422621 0.01875009 0.97702366]
2	2	[0.00849873 0.04210459 0.94939667]
2	2	[0.00422621 0.01875009 0.97702366]
2	2	[0.00849873 0.04210459 0.94939667]
2	2	[9.0645498e-04 7.7694980e-03 9.9132407e-01]
2	2	[7.1174774e-04 5.7063028e-03 9.9358201e-01]
2	2	[9.0645498e-04 7.7694980e-03 9.9132407e-01]
2	2	[7.1174774e-04 5.7063028e-03 9.9358201e-01]
2	2	[0.00231405 0.01101219 0.98667383]
2	2	[0.00147743 0.00882378 0.9896988 ]
2	2	[0.00231405 0.01101219 0.98667383]
2	2	[0.00147743 0.00882378 0.9896988 ]
2	2	[8.9981913e-04 4.9928729e-03 9.9410737e-01]
2	2	[0.00212573 0.00919749 0.9886768 ]
2	2	[8.9981913e-04 4.9928729e-03 9.9410737e-01]
2	2	[0.00212573 0.00919749 0.9886768 ]
2	2	[0.00133163 0.01037593 0.9882924 ]
2	2	[5.7291135e-04 6.6091968e-03 9.9281788e-01]
2	2	[0.00133163 0.01037593 0.9882924 ]
2	2	[5.7291135e-04 6.6091968e-03 9.9281788e-01]
2	2	[0.00189088 0.01257567 0.9855334 ]
2	2	[0.00870236 0.03163468 0.959663  ]
2	2	[0.00189088 0.01257567 0.9855334 ]
2	2	[0.00870236 0.03163468 0.959663  ]
2	2	[7.9643598e-04 4.3584444e-03 9.9484515e-01]
2	2	[9.4611256e-04 6.6959225e-03 9.9235791e-01]
2	2	[7.9643598e-04 4.3584444e-03 9.9484515e-01]
2	2	[9.4611256e-04 6.6959225e-03 9.9235791e-01]
2	2	[0.00117671 0.00867807 0.9901452 ]
2	2	[8.787275e-04 7.945297e-03 9.911760e-01]
2	2	[0.00117671 0.00867807 0.9901452 ]
2	2	[8.787275e-04 7.945297e-03 9.911760e-01]
2	2	[0.00107361 0.01518508 0.9837413 ]
2	2	[8.4548339e-04 1.5159758e-02 9.8399472e-01]
2	2	[0.00107361 0.01518508 0.9837413 ]
2	2	[8.4548339e-04 1.5159758e-02 9.8399472e-01]
2	2	[0.00157147 0.0059284  0.9925001 ]
2	2	[0.0011483  0.00657482 0.9922769 ]
2	2	[0.00157147 0.0059284  0.9925001 ]
2	2	[0.0011483  0.00657482 0.9922769 ]
2	2	[4.6154571e-04 5.9639122e-03 9.9357456e-01]
2	2	[0.00113629 0.0166586  0.9822051 ]
2	2	[4.6154571e-04 5.9639122e-03 9.9357456e-01]
2	2	[0.00113629 0.0166586  0.9822051 ]
2	2	[0.00193621 0.00979875 0.98826504]
2	2	[0.00389505 0.01417759 0.98192734]
2	2	[0.00193621 0.00979875 0.98826504]
2	2	[0.00389505 0.01417759 0.98192734]
2	2	[0.00406816 0.02105215 0.97487974]
2	2	[0.00218663 0.01471879 0.9830945 ]
2	2	[0.00406816 0.02105215 0.97487974]
2	2	[0.00218663 0.01471879 0.9830945 ]
2	2	[0.00126631 0.00621695 0.9925168 ]
2	2	[0.00172944 0.00916515 0.9891054 ]
2	2	[0.00126631 0.00621695 0.9925168 ]
2	2	[0.00172944 0.00916515 0.9891054 ]
2	2	[0.00811451 0.01770874 0.97417676]
2	2	[0.0063251  0.01553579 0.9781391 ]
2	2	[0.00811451 0.01770874 0.97417676]
2	2	[0.0063251  0.01553579 0.9781391 ]
2	2	[0.00160097 0.01951261 0.97888637]
2	2	[0.00171396 0.02012487 0.9781612 ]
2	2	[0.00160097 0.01951261 0.97888637]
2	2	[0.00171396 0.02012487 0.9781612 ]
2	2	[7.8821596e-04 1.4804832e-02 9.8440695e-01]
2	2	[6.3752272e-04 1.0783282e-02 9.8857927e-01]
2	2	[7.8821596e-04 1.4804832e-02 9.8440695e-01]
2	2	[6.3752272e-04 1.0783282e-02 9.8857927e-01]
2	2	[8.6444471e-04 4.9609705e-03 9.9417466e-01]
2	2	[0.00140249 0.0058416  0.99275595]
2	2	[8.6444471e-04 4.9609705e-03 9.9417466e-01]
2	2	[0.00140249 0.0058416  0.99275595]
2	2	[0.00141993 0.00760532 0.9909747 ]
2	2	[7.1705761e-04 6.1961431e-03 9.9308676e-01]
2	2	[0.00141993 0.00760532 0.9909747 ]
2	2	[7.1705761e-04 6.1961431e-03 9.9308676e-01]
2	2	[0.00388478 0.02041101 0.9757042 ]
2	2	[0.00317553 0.01470997 0.9821145 ]
2	2	[0.00388478 0.02041101 0.9757042 ]
2	2	[0.00317553 0.01470997 0.9821145 ]
2	2	[0.00449607 0.01897867 0.9765253 ]
2	2	[0.00749688 0.0247435  0.9677596 ]
2	2	[0.00449607 0.01897867 0.9765253 ]
2	2	[0.00749688 0.0247435  0.9677596 ]
2	2	[0.00167657 0.01843456 0.97988886]
2	2	[0.00320727 0.02633002 0.97046274]
2	2	[0.00167657 0.01843456 0.97988886]
2	2	[0.00320727 0.02633002 0.97046274]
2	2	[8.0151350e-04 6.6290135e-03 9.9256951e-01]
2	2	[9.8491460e-04 7.7572633e-03 9.9125791e-01]
2	2	[8.0151350e-04 6.6290135e-03 9.9256951e-01]
2	2	[9.8491460e-04 7.7572633e-03 9.9125791e-01]
2	2	[4.2642932e-04 5.5302721e-03 9.9404329e-01]
2	2	[3.7487221e-04 4.2750984e-03 9.9535000e-01]
2	2	[4.2642932e-04 5.5302721e-03 9.9404329e-01]
2	2	[3.7487221e-04 4.2750984e-03 9.9535000e-01]
2	2	[5.8540324e-04 6.4512035e-03 9.9296337e-01]
2	2	[9.071638e-04 9.916729e-03 9.891761e-01]
2	2	[5.8540324e-04 6.4512035e-03 9.9296337e-01]
2	2	[9.071638e-04 9.916729e-03 9.891761e-01]
2	2	[0.00099736 0.006296   0.9927066 ]
2	2	[0.00222862 0.00919227 0.98857915]
2	2	[0.00099736 0.006296   0.9927066 ]
2	2	[0.00222862 0.00919227 0.98857915]
2	2	[4.5054962e-04 5.8935662e-03 9.9365592e-01]
2	2	[5.972627e-04 5.518245e-03 9.938845e-01]
2	2	[4.5054962e-04 5.8935662e-03 9.9365592e-01]
2	2	[5.972627e-04 5.518245e-03 9.938845e-01]
2	2	[5.7744206e-04 8.2022641e-03 9.9122030e-01]
2	2	[9.6422242e-04 1.0236825e-02 9.8879892e-01]
2	2	[5.7744206e-04 8.2022641e-03 9.9122030e-01]
2	2	[9.6422242e-04 1.0236825e-02 9.8879892e-01]
2	2	[0.00906206 0.0168387  0.9740993 ]
2	2	[0.00207521 0.00999382 0.987931  ]
2	2	[0.00906206 0.0168387  0.9740993 ]
2	2	[0.00207521 0.00999382 0.987931  ]
2	2	[0.00119484 0.00675701 0.9920481 ]
2	2	[9.1667753e-04 5.4316767e-03 9.9365163e-01]
2	2	[0.00119484 0.00675701 0.9920481 ]
2	2	[9.1667753e-04 5.4316767e-03 9.9365163e-01]
2	2	[0.00210794 0.00674048 0.9911515 ]
2	2	[0.00633952 0.01657461 0.97708595]
2	2	[0.00210794 0.00674048 0.9911515 ]
2	2	[0.00633952 0.01657461 0.97708595]
2	2	[7.5535895e-04 5.1096966e-03 9.9413496e-01]
2	2	[0.00129551 0.00889747 0.98980707]
2	2	[7.5535895e-04 5.1096966e-03 9.9413496e-01]
2	2	[0.00129551 0.00889747 0.98980707]
2	2	[5.8502960e-04 5.4643797e-03 9.9395061e-01]
2	2	[0.00147848 0.01220832 0.9863132 ]
2	2	[5.8502960e-04 5.4643797e-03 9.9395061e-01]
2	2	[0.00147848 0.01220832 0.9863132 ]
2	2	[0.00279928 0.01228087 0.9849199 ]
2	2	[0.00274257 0.00975059 0.98750687]
2	2	[0.00279928 0.01228087 0.9849199 ]
2	2	[0.00274257 0.00975059 0.98750687]
