Accuracy: 0.0
2	-1	[0.00111937 0.00406252 0.99481815]
2	-1	[9.424954e-04 4.657427e-03 9.944001e-01]
2	-1	[0.02074937 0.02908541 0.9501653 ]
2	-1	[0.00506621 0.02295372 0.9719801 ]
2	-1	[0.00154723 0.05648268 0.94197005]
2	-1	[8.2139892e-04 1.8837808e-02 9.8034084e-01]
2	-1	[0.00185209 0.01008746 0.98806053]
2	-1	[0.00137456 0.00851287 0.9901126 ]
2	-1	[0.00880997 0.01275343 0.97843665]
2	-1	[0.00258071 0.00723507 0.99018425]
2	-1	[0.01680699 0.03041197 0.952781  ]
2	-1	[0.01476764 0.03586588 0.9493665 ]
2	-1	[0.01799678 0.02454666 0.9574565 ]
2	-1	[0.01288654 0.02542657 0.96168685]
2	-1	[0.03560584 0.03537683 0.9290173 ]
2	-1	[0.01078234 0.02438947 0.9648282 ]
2	-1	[0.00468998 0.01570206 0.97960794]
2	-1	[0.00252396 0.01535686 0.9821192 ]
2	-1	[0.00866497 0.01751447 0.97382057]
2	-1	[0.00421855 0.01537659 0.9804049 ]
2	-1	[0.00460656 0.01219179 0.9832017 ]
2	-1	[0.0048167  0.01525566 0.97992766]
2	-1	[0.00134559 0.01156384 0.98709065]
2	-1	[0.00265139 0.01290726 0.98444134]
2	-1	[0.00153405 0.00953889 0.988927  ]
2	-1	[0.00203786 0.01371791 0.9842442 ]
2	-1	[0.00128507 0.00543727 0.9932776 ]
2	-1	[0.0040379  0.01268089 0.9832812 ]
2	-1	[0.00196952 0.0090824  0.9889481 ]
2	-1	[9.4852026e-04 7.5990749e-03 9.9145234e-01]
2	-1	[0.00262749 0.01606142 0.981311  ]
2	-1	[9.4919984e-04 7.7965944e-03 9.9125427e-01]
2	-1	[0.01052784 0.014816   0.9746561 ]
2	-1	[0.00373808 0.00909941 0.98716253]
2	-1	[0.00121095 0.03555641 0.96323264]
2	-1	[7.6786266e-04 1.9573830e-02 9.7965825e-01]
2	-1	[0.00885182 0.01806118 0.97308695]
2	-1	[0.00258982 0.01258463 0.98482555]
2	-1	[0.00425351 0.01019083 0.98555565]
2	-1	[0.00366479 0.01149314 0.98484206]
2	-1	[0.05827384 0.09239577 0.8493304 ]
2	-1	[0.00676187 0.03215834 0.9610798 ]
2	-1	[0.00180051 0.00916447 0.989035  ]
2	-1	[0.00269891 0.01064814 0.9866529 ]
2	-1	[0.00199432 0.05349648 0.94450915]
2	-1	[6.3816737e-04 1.6260695e-02 9.8310107e-01]
2	-1	[0.02700609 0.02556581 0.9474281 ]
2	-1	[0.00234713 0.01089698 0.98675585]
2	-1	[0.00096917 0.03676304 0.9622678 ]
2	-1	[0.00317111 0.05897016 0.9378587 ]
2	-1	[5.1071029e-04 1.0733326e-02 9.8875600e-01]
2	-1	[0.00113879 0.02001426 0.97884697]
2	-1	[3.3923236e-04 2.3384073e-03 9.9732238e-01]
2	-1	[0.00194887 0.00605925 0.99199194]
2	-1	[0.00123516 0.00629003 0.99247473]
2	-1	[0.00558556 0.01578756 0.9786269 ]
2	-1	[8.1019453e-04 2.4544422e-02 9.7464538e-01]
2	-1	[6.1050919e-04 1.5630469e-02 9.8375905e-01]
2	-1	[0.00325036 0.01046629 0.9862833 ]
2	-1	[0.00575506 0.01877681 0.9754681 ]
2	-1	[0.01647628 0.01196673 0.971557  ]
2	-1	[0.00143904 0.00668026 0.9918807 ]
2	-1	[0.00226921 0.00708759 0.9906432 ]
2	-1	[6.1630696e-04 4.8749666e-03 9.9450880e-01]
2	-1	[0.00268056 0.00788166 0.9894378 ]
2	-1	[0.00534865 0.01262772 0.98202366]
2	-1	[0.00115606 0.00600437 0.9928396 ]
2	-1	[0.00190459 0.00821311 0.9898823 ]
2	-1	[0.01525956 0.0308006  0.9539398 ]
2	-1	[0.00466996 0.02528949 0.97004056]
2	-1	[8.9556514e-04 7.3450175e-03 9.9175948e-01]
2	-1	[0.00167276 0.01355636 0.98477083]
2	-1	[0.00447228 0.00895241 0.9865753 ]
2	-1	[0.0331562  0.02620678 0.940637  ]
2	-1	[0.00141411 0.00766106 0.99092484]
2	-1	[0.00966336 0.0236667  0.9666699 ]
2	-1	[0.03762922 0.06859966 0.8937712 ]
2	-1	[0.00372588 0.02130047 0.9749737 ]
2	-1	[0.00174202 0.00774921 0.9905088 ]
2	-1	[0.00122708 0.00814565 0.9906273 ]
2	-1	[8.1141485e-04 2.8605785e-03 9.9632806e-01]
2	-1	[0.00206543 0.00583559 0.99209905]
2	-1	[0.0013696  0.00708862 0.9915418 ]
2	-1	[0.00593082 0.01678928 0.9772799 ]
2	-1	[0.02448959 0.02620707 0.9493033 ]
2	-1	[0.00265372 0.01209602 0.9852503 ]
2	-1	[0.0021972  0.00774356 0.9900593 ]
2	-1	[0.00130515 0.00645356 0.99224126]
2	-1	[0.00136212 0.00456463 0.9940732 ]
2	-1	[8.2985539e-04 4.1841539e-03 9.9498594e-01]
2	-1	[0.00442189 0.01055809 0.98502004]
2	-1	[0.00198259 0.0090295  0.98898786]
2	-1	[9.3966525e-04 4.6256292e-03 9.9443477e-01]
2	-1	[6.1797467e-04 4.8489575e-03 9.9453306e-01]
2	-1	[0.00265999 0.00883074 0.98850924]
2	-1	[0.00366489 0.01160077 0.9847343 ]
2	-1	[0.00203276 0.00856952 0.98939776]
2	-1	[0.00100496 0.00706745 0.9919276 ]
2	-1	[0.0137232  0.01558926 0.97068757]
2	-1	[0.00151573 0.0087515  0.9897328 ]
2	-1	[0.00223607 0.01291724 0.9848467 ]
2	-1	[8.978742e-04 8.514785e-03 9.905874e-01]
2	-1	[0.00341688 0.01131626 0.9852668 ]
2	-1	[0.00139655 0.00832549 0.99027795]
2	-1	[0.00154595 0.00634707 0.99210703]
2	-1	[8.730739e-04 5.450193e-03 9.936767e-01]
2	-1	[0.00284755 0.00930617 0.9878463 ]
2	-1	[0.00656687 0.0173841  0.97604895]
2	-1	[0.00574455 0.01236278 0.9818927 ]
2	-1	[0.00464836 0.01270402 0.9826476 ]
2	-1	[0.05439105 0.08949065 0.85611826]
2	-1	[0.00631501 0.02771762 0.9659674 ]
2	-1	[0.01099911 0.01437997 0.97462094]
2	-1	[0.00614401 0.01440331 0.9794527 ]
2	-1	[0.01038928 0.01338328 0.9762274 ]
2	-1	[0.00460199 0.01207406 0.983324  ]
2	-1	[5.1325024e-04 1.0882464e-02 9.8860431e-01]
2	-1	[7.9595181e-04 1.2626499e-02 9.8657751e-01]
2	-1	[0.00111834 0.03675991 0.9621218 ]
2	-1	[0.00185787 0.03649886 0.9616432 ]
2	-1	[0.02221738 0.03341788 0.9443648 ]
2	-1	[0.00665127 0.02957813 0.96377057]
2	-1	[0.00601379 0.01405101 0.9799352 ]
2	-1	[0.00391738 0.01470905 0.9813735 ]
2	-1	[7.9902669e-04 2.0784106e-02 9.7841692e-01]
2	-1	[7.5058657e-04 1.9571017e-02 9.7967839e-01]
2	-1	[0.004577  0.0178862 0.9775368]
2	-1	[0.00229325 0.0135673  0.98413944]
2	-1	[0.00165616 0.00834396 0.98999995]
2	-1	[0.00227058 0.00982258 0.9879068 ]
2	-1	[0.00149466 0.00822256 0.9902828 ]
2	-1	[0.00208603 0.01003238 0.98788154]
2	-1	[0.00154723 0.05648268 0.94197005]
2	-1	[8.2139892e-04 1.8837808e-02 9.8034084e-01]
2	-1	[0.01145037 0.02267095 0.96587867]
2	-1	[0.00310612 0.01195049 0.9849434 ]
2	-1	[0.00120557 0.03010817 0.9686863 ]
2	-1	[8.6361298e-04 1.7131651e-02 9.8200476e-01]
2	-1	[0.01675269 0.04279849 0.9404488 ]
2	-1	[0.00459301 0.02164097 0.973766  ]
2	-1	[0.00469194 0.01200903 0.9832991 ]
2	-1	[0.00117096 0.00672036 0.99210864]
2	-1	[0.00409829 0.01665718 0.97924453]
2	-1	[0.00267328 0.01379726 0.98352945]
2	-1	[5.1325024e-04 1.0882464e-02 9.8860431e-01]
2	-1	[7.9595181e-04 1.2626499e-02 9.8657751e-01]
2	-1	[0.00111834 0.03675991 0.9621218 ]
2	-1	[0.00185787 0.03649886 0.9616432 ]
2	-1	[8.1454637e-04 3.3636731e-03 9.9582171e-01]
2	-1	[0.00126299 0.00516959 0.9935674 ]
2	-1	[0.00275006 0.00859893 0.98865104]
2	-1	[0.00865049 0.0216012  0.9697483 ]
2	-1	[0.00127202 0.0066081  0.9921199 ]
2	-1	[0.00295446 0.01279877 0.98424673]
2	-1	[0.00129543 0.00810529 0.99059933]
2	-1	[0.00296342 0.02079411 0.9762424 ]
2	-1	[0.00182272 0.00934918 0.9888282 ]
2	-1	[0.00278644 0.01300922 0.98420435]
2	-1	[0.00134559 0.01156384 0.98709065]
2	-1	[0.00265139 0.01290726 0.98444134]
2	-1	[0.05289216 0.0292433  0.9178645 ]
2	-1	[0.00486096 0.0128778  0.98226124]
2	-1	[0.0029551  0.01375069 0.98329425]
2	-1	[0.00478064 0.02329954 0.97191983]
